Date	22/06/2026	Time	15:29	Status	OK
gelatin 10% F4
Scan (#)	1	X (#)	1	Y (#)	1	Indentation (#)	1
X-position (um)	105.453
Y-position (um)	0.000
Z-position (um)	3598.888
Z surface (um)	3598.888
Piezo position (nm) (Measured)	-1.3

k (N/m)	4.500

Tip radius (um)	22.500
Calibration factor	1.125
Wavelength (nm)	1530.0
Auto find surface	ON
dX before scan (um)	0.000

Piezo position setpoint at start (nm)	1.3

Piezo Indentation Sweep Settings (Relative to piezo position setpoint at start):
D[Z1] (µN)	0.000	t[1] (s)	2.000
D[Z2] (µN)	35.000	t[2] (s)	2.000
D[Z3] (µN)	35.000	t[3] (s)	3.000
D[Z4] (µN)	0.000	t[4] (s)	2.000
D[Z5] (µN)	0.000	t[5] (s)	2.000

P[max] (uN)	1.023
D[max] (nm)	0.000
D[final] (nm)	0.000
D[max-final] (nm)	0.000
Slope (N/m)	0.000
E[eff] (Pa)	21905.456
E[v=0.50] (Pa)	16429.092

Time (s)	Load (uN)	Indentation (nm)	Cantilever (nm)	Piezo (nm)	Auxiliary
0.000000	-0.000631	0.000000	-0.140249	-159.400440	-0.002302
0.001000	-0.003939	0.000000	-0.875418	-150.847904	-0.002302
0.002000	-0.009461	0.000000	-2.102555	-136.587301	-0.002342
0.003000	-0.016353	0.000000	-3.634021	-119.101446	-0.002382
0.004000	-0.023856	0.000000	-5.301438	-100.299161	-0.002262
0.005000	-0.031558	0.000000	-7.012906	-81.535165	-0.002443
0.006000	-0.039086	0.000000	-8.685849	-63.699667	-0.002403
0.007000	-0.046171	0.000000	-10.260182	-47.421758	-0.002423
0.008000	-0.052517	0.000000	-11.670361	-33.126124	-0.002362
0.009000	-0.058074	0.000000	-12.905302	-21.014827	-0.002463
0.010000	-0.062743	0.000000	-13.942987	-11.060245	-0.002362
0.011000	-0.066555	0.000000	-14.789910	-3.246274	-0.002362
0.012000	-0.069532	0.000000	-15.451488	2.716435	-0.002382
0.013000	-0.071643	0.000000	-15.920742	6.990379	-0.002262
0.014000	-0.073048	0.000000	-16.232992	9.914419	-0.002322
0.015000	-0.073845	0.000000	-16.410012	11.771999	-0.002382
0.016000	-0.073997	0.000000	-16.443876	12.798713	-0.002443
0.017000	-0.073494	0.000000	-16.331964	13.206281	-0.002342
0.018000	-0.072593	0.000000	-16.131772	13.194036	-0.002322
0.019000	-0.071449	0.000000	-15.877644	12.840114	-0.002463
0.020000	-0.070166	0.000000	-15.592414	12.188186	-0.002362
0.021000	-0.068692	0.000000	-15.264809	11.372020	-0.002322
0.022000	-0.067252	0.000000	-14.944833	10.511652	-0.002241
0.023000	-0.065989	0.000000	-14.664327	9.642392	-0.002342
0.024000	-0.064925	0.000000	-14.427764	8.788564	-0.002241
0.025000	-0.064122	0.000000	-14.249363	7.966967	-0.002342
0.026000	-0.063571	0.000000	-14.126778	7.274189	-0.002463
0.027000	-0.063244	0.000000	-14.054254	6.678614	-0.002423
0.028000	-0.063253	0.000000	-14.056137	6.186285	-0.002342
0.029000	-0.063482	0.000000	-14.107113	5.752027	-0.002362
0.030000	-0.063762	0.000000	-14.169278	5.412113	-0.002382
0.031000	-0.063993	0.000000	-14.220666	5.140340	-0.002403
0.032000	-0.064138	0.000000	-14.252919	4.929932	-0.002241
0.033000	-0.064170	0.000000	-14.260029	4.751683	-0.002423
0.034000	-0.064046	0.000000	-14.232501	4.610757	-0.002342
0.035000	-0.063778	0.000000	-14.172848	4.515028	-0.002322
0.036000	-0.063392	0.000000	-14.087034	4.480282	-0.002382
0.037000	-0.062897	0.000000	-13.977215	4.482601	-0.002382
0.038000	-0.062314	0.000000	-13.847636	4.548258	-0.002382
0.039000	-0.061679	0.000000	-13.706426	4.685076	-0.002262
0.040000	-0.061032	0.000000	-13.562690	4.879295	-0.002443
0.041000	-0.060395	0.000000	-13.421124	5.046989	-0.002362
0.042000	-0.059797	0.000000	-13.288248	5.174224	-0.002282
0.043000	-0.059176	0.000000	-13.150179	5.270023	-0.002403
0.044000	-0.058638	0.000000	-13.030738	5.353153	-0.002382
0.045000	-0.058335	0.000000	-12.963399	5.404477	-0.002342
0.046000	-0.058295	0.000000	-12.954422	5.480124	-0.002423
0.047000	-0.058564	0.000000	-13.014283	5.539521	-0.002423
0.048000	-0.059154	0.000000	-13.145375	5.638213	-0.002322
0.049000	-0.059971	0.000000	-13.326997	5.858694	-0.002403
0.050000	-0.060881	0.000000	-13.529059	6.130618	-0.002322
0.051000	-0.061893	0.000000	-13.754059	6.415802	-0.002423
0.052000	-0.062971	0.000000	-13.993521	6.659446	-0.002423
0.053000	-0.063947	0.000000	-14.210383	6.804650	-0.002382
0.054000	-0.064763	0.000000	-14.391797	6.927382	-0.002342
0.055000	-0.065304	0.000000	-14.512023	7.015769	-0.002362
0.056000	-0.065611	0.000000	-14.580149	7.059383	-0.002443
0.057000	-0.065738	0.000000	-14.608429	7.098569	-0.002302
0.058000	-0.065693	0.000000	-14.598526	7.136925	-0.002423
0.059000	-0.065480	0.000000	-14.551161	7.215165	-0.002362
0.060000	-0.065186	0.000000	-14.485739	7.397101	-0.002403
0.061000	-0.065005	0.000000	-14.445578	7.533085	-0.002443
0.062000	-0.064954	0.000000	-14.434144	7.571855	-0.002282
0.063000	-0.065086	0.000000	-14.463561	7.592561	-0.002443
0.064000	-0.065418	0.000000	-14.537397	7.628147	-0.002302
0.065000	-0.065918	0.000000	-14.648337	7.616688	-0.002403
0.066000	-0.066529	0.000000	-14.784244	7.496390	-0.002443
0.067000	-0.067343	0.000000	-14.965155	7.308439	-0.002262
0.068000	-0.068348	0.000000	-15.188492	7.145598	-0.002342
0.069000	-0.069590	0.000000	-15.464339	7.028156	-0.002302
0.070000	-0.070899	0.000000	-15.755285	6.997949	-0.002423
0.071000	-0.072142	0.000000	-16.031620	7.044802	-0.002302
0.072000	-0.073291	0.000000	-16.286929	7.115723	-0.002282
0.073000	-0.074317	0.000000	-16.514906	7.141914	-0.002362
0.074000	-0.075255	0.000000	-16.723310	7.135436	-0.002403
0.075000	-0.076085	0.000000	-16.907831	7.132554	-0.002262
0.076000	-0.076726	0.000000	-17.050303	7.103633	-0.002463
0.077000	-0.077183	0.000000	-17.151726	7.078763	-0.002282
0.078000	-0.077373	0.000000	-17.194037	7.095653	-0.002322
0.079000	-0.077323	0.000000	-17.182977	7.126762	-0.002322
0.080000	-0.077183	0.000000	-17.151888	7.201782	-0.002322
0.081000	-0.076998	0.000000	-17.110636	7.230227	-0.002362
0.082000	-0.076773	0.000000	-17.060725	7.238173	-0.002382
0.083000	-0.076598	0.000000	-17.021719	7.174156	-0.002403
0.084000	-0.076515	0.000000	-17.003385	7.088586	-0.002443
0.085000	-0.076605	0.000000	-17.023250	7.009824	-0.002362
0.086000	-0.077018	0.000000	-17.115021	6.936717	-0.002382
0.087000	-0.077683	0.000000	-17.262924	6.869742	-0.002362
0.088000	-0.078479	0.000000	-17.439844	6.797614	-0.002342
0.089000	-0.079373	0.000000	-17.638459	6.742846	-0.002342
0.090000	-0.080365	0.000000	-17.858928	6.759326	-0.002362
0.091000	-0.081382	0.000000	-18.084923	6.838200	-0.002342
0.092000	-0.082386	0.000000	-18.308021	6.916259	-0.002342
0.093000	-0.083385	0.000000	-18.529933	6.978550	-0.002423
0.094000	-0.084087	0.000000	-18.686026	7.012963	-0.002262
0.095000	-0.084407	0.000000	-18.757071	7.018345	-0.002443
0.096000	-0.084524	0.000000	-18.783176	7.027542	-0.002382
0.097000	-0.084509	0.000000	-18.779723	7.046138	-0.002382
0.098000	-0.084219	0.000000	-18.715386	7.111686	-0.002342
0.099000	-0.083736	0.000000	-18.607927	7.209905	-0.002322
0.100000	-0.083124	0.000000	-18.471982	7.368478	-0.002403
0.101000	-0.082521	0.000000	-18.338045	7.554078	-0.002362
0.102000	-0.081862	0.000000	-18.191552	7.695099	-0.002362
0.103000	-0.081332	0.000000	-18.073889	7.749949	-0.002483
0.104000	-0.080957	0.000000	-17.990412	7.753307	-0.002302
0.105000	-0.080847	0.000000	-17.966005	7.703360	-0.002342
0.106000	-0.080996	0.000000	-17.999167	7.689625	-0.002241
0.107000	-0.081322	0.000000	-18.071662	7.645899	-0.002322
0.108000	-0.081845	0.000000	-18.187739	7.555767	-0.002282
0.109000	-0.082531	0.000000	-18.340284	7.505073	-0.002362
0.110000	-0.083410	0.000000	-18.535605	7.469997	-0.002423
0.111000	-0.084315	0.000000	-18.736568	7.420501	-0.002322
0.112000	-0.085100	0.000000	-18.911115	7.358746	-0.002423
0.113000	-0.085605	0.000000	-19.023255	7.242821	-0.002241
0.114000	-0.085838	0.000000	-19.075038	7.040078	-0.002382
0.115000	-0.085871	0.000000	-19.082347	6.740486	-0.002322
0.116000	-0.085795	0.000000	-19.065546	6.392691	-0.002282
0.117000	-0.085582	0.000000	-19.018236	6.044331	-0.002403
0.118000	-0.085047	0.000000	-18.899364	5.695830	-0.002302
0.119000	-0.084212	0.000000	-18.713800	5.427875	-0.002382
0.120000	-0.083254	0.000000	-18.500919	5.281665	-0.002342
0.121000	-0.082221	0.000000	-18.271391	5.207765	-0.002282
0.122000	-0.081192	0.000000	-18.042621	5.173508	-0.002403
0.123000	-0.080359	0.000000	-17.857501	5.127018	-0.002382
0.124000	-0.079734	0.000000	-17.718572	5.086411	-0.002282
0.125000	-0.079315	0.000000	-17.625640	5.046540	-0.002362
0.126000	-0.079138	0.000000	-17.586316	5.005567	-0.002503
0.127000	-0.079077	0.000000	-17.572564	4.968036	-0.002342
0.128000	-0.079167	0.000000	-17.592695	4.924954	-0.002382
0.129000	-0.079470	0.000000	-17.660010	4.873557	-0.002362
0.130000	-0.079809	0.000000	-17.735307	4.867553	-0.002342
0.131000	-0.080097	0.000000	-17.799367	4.845084	-0.002443
0.132000	-0.080180	0.000000	-17.817847	4.782349	-0.002322
0.133000	-0.080020	0.000000	-17.782206	4.745399	-0.002423
0.134000	-0.079713	0.000000	-17.713950	4.739712	-0.002443
0.135000	-0.079110	0.000000	-17.579969	4.687135	-0.002463
0.136000	-0.078080	0.000000	-17.351064	4.649229	-0.002423
0.137000	-0.076723	0.000000	-17.049633	4.657997	-0.002342
0.138000	-0.074998	0.000000	-16.666320	4.688503	-0.002544
0.139000	-0.072922	0.000000	-16.204927	4.703197	-0.002362
0.140000	-0.070714	0.000000	-15.714142	4.717926	-0.002342
0.141000	-0.068392	0.000000	-15.198237	4.684122	-0.002302
0.142000	-0.066076	0.000000	-14.683529	4.641597	-0.002322
0.143000	-0.063773	0.000000	-14.171741	4.633569	-0.002282
0.144000	-0.061574	0.000000	-13.683048	4.651047	-0.002322
0.145000	-0.059591	0.000000	-13.242521	4.648264	-0.002423
0.146000	-0.057796	0.000000	-12.843472	4.694860	-0.002322
0.147000	-0.056266	0.000000	-12.503533	4.837130	-0.002382
0.148000	-0.055084	0.000000	-12.240955	4.612803	-0.002403
0.149000	-0.054326	0.000000	-12.072550	2.372274	-0.002362
0.150000	-0.054059	0.000000	-12.013103	-3.842014	-0.002443
0.151000	-0.054103	0.000000	-12.022813	-14.631728	-0.002403
0.152000	-0.054371	0.000000	-12.082376	-29.058196	-0.002423
0.153000	-0.054616	0.000000	-12.136971	-45.644445	-0.002382
0.154000	-0.054712	0.000000	-12.158159	-63.009251	-0.002403
0.155000	-0.054441	0.000000	-12.098009	-80.089772	-0.002443
0.156000	-0.053846	0.000000	-11.965679	-96.033203	-0.002443
0.157000	-0.053032	0.000000	-11.784823	-110.308086	-0.002342
0.158000	-0.051901	0.000000	-11.533660	-122.666326	-0.002382
0.159000	-0.050509	0.000000	-11.224246	-132.920918	-0.002362
0.160000	-0.048920	0.000000	-10.871125	-141.013511	-0.002322
0.161000	-0.047164	0.000000	-10.480864	-147.160822	-0.002403
0.162000	-0.045394	0.000000	-10.087640	-151.600205	-0.002403
0.163000	-0.043701	0.000000	-9.711309	-154.520657	-0.002423
0.164000	-0.042292	0.000000	-9.398114	-156.184726	-0.002382
0.165000	-0.041270	0.000000	-9.171202	-156.763588	-0.002423
0.166000	-0.040509	0.000000	-9.001968	-156.454818	-0.002423
0.167000	-0.040021	0.000000	-8.893499	-155.528184	-0.002382
0.168000	-0.039791	0.000000	-8.842520	-154.085891	-0.002282
0.169000	-0.039692	0.000000	-8.820493	-152.211667	-0.002362
0.170000	-0.039872	0.000000	-8.860461	-150.047293	-0.002362
0.171000	-0.040257	0.000000	-8.946037	-147.710759	-0.002302
0.172000	-0.040704	0.000000	-9.045443	-145.240775	-0.002362
0.173000	-0.041109	0.000000	-9.135388	-142.716660	-0.002382
0.174000	-0.041609	0.000000	-9.246389	-140.249627	-0.002362
0.175000	-0.042007	0.000000	-9.334935	-137.851000	-0.002362
0.176000	-0.042241	0.000000	-9.386986	-135.483288	-0.002241
0.177000	-0.042407	0.000000	-9.423752	-133.188674	-0.002443
0.178000	-0.042411	0.000000	-9.424630	-130.974540	-0.002322
0.179000	-0.042362	0.000000	-9.413672	-128.800972	-0.002302
0.180000	-0.042257	0.000000	-9.390337	-126.703614	-0.002362
0.181000	-0.042247	0.000000	-9.388242	-124.626578	-0.002382
0.182000	-0.042388	0.000000	-9.419520	-122.543465	-0.002423
0.183000	-0.042805	0.000000	-9.512315	-120.498241	-0.002262
0.184000	-0.043505	0.000000	-9.667747	-118.493661	-0.002302
0.185000	-0.044507	0.000000	-9.890372	-116.568156	-0.002342
0.186000	-0.045743	0.000000	-10.165071	-114.653207	-0.002221
0.187000	-0.047216	0.000000	-10.492466	-112.681197	-0.002362
0.188000	-0.048853	0.000000	-10.856181	-110.731692	-0.002382
0.189000	-0.050626	0.000000	-11.250272	-108.793262	-0.002262
0.190000	-0.052490	0.000000	-11.664452	-106.867176	-0.002423
0.191000	-0.054334	0.000000	-12.074276	-105.015040	-0.002382
0.192000	-0.056019	0.000000	-12.448593	-103.242780	-0.002403
0.193000	-0.057586	0.000000	-12.796790	-101.500708	-0.002282
0.194000	-0.059048	0.000000	-13.121777	-99.728015	-0.002443
0.195000	-0.060279	0.000000	-13.395285	-97.972412	-0.002241
0.196000	-0.061350	0.000000	-13.633302	-96.284148	-0.002241
0.197000	-0.062232	0.000000	-13.829396	-94.656522	-0.002342
0.198000	-0.062973	0.000000	-13.994007	-93.027864	-0.002564
0.199000	-0.063614	0.000000	-14.136411	-91.348009	-0.002382
0.200000	-0.064231	0.000000	-14.273495	-89.579652	-0.002322
0.201000	-0.064830	0.000000	-14.406772	-87.837566	-0.002463
0.202000	-0.065473	0.000000	-14.549527	-86.189903	-0.002403
0.203000	-0.066134	0.000000	-14.696498	-84.559701	-0.002382
0.204000	-0.066962	0.000000	-14.880478	-82.945172	-0.002282
0.205000	-0.067899	0.000000	-15.088623	-81.333985	-0.002483
0.206000	-0.068926	0.000000	-15.316914	-79.677566	-0.002362
0.207000	-0.070017	0.000000	-15.559259	-77.980651	-0.002302
0.208000	-0.071250	0.000000	-15.833247	-76.275346	-0.002382
0.209000	-0.072610	0.000000	-16.135619	-74.532779	-0.002403
0.210000	-0.073928	0.000000	-16.428336	-72.384987	-0.002382
0.211000	-0.075235	0.000000	-16.718825	-68.893458	-0.002282
0.212000	-0.076448	0.000000	-16.988363	-63.725300	-0.002382
0.213000	-0.077434	0.000000	-17.207585	-57.267194	-0.002403
0.214000	-0.078233	0.000000	-17.385181	-50.092405	-0.002362
0.215000	-0.078897	0.000000	-17.532610	-42.745809	-0.002523
0.216000	-0.079304	0.000000	-17.623105	-35.639814	-0.002342
0.217000	-0.079476	0.000000	-17.661260	-29.041517	-0.002302
0.218000	-0.079555	0.000000	-17.678881	-23.137667	-0.002403
0.219000	-0.079560	0.000000	-17.680070	-18.017000	-0.002463
0.220000	-0.079368	0.000000	-17.637325	-13.687830	-0.002302
0.221000	-0.079116	0.000000	-17.581304	-10.186884	-0.002423
0.222000	-0.078847	0.000000	-17.521666	-7.440488	-0.002403
0.223000	-0.078694	0.000000	-17.487469	-5.420430	-0.002322
0.224000	-0.078802	0.000000	-17.511504	-3.966533	-0.002322
0.225000	-0.079156	0.000000	-17.590290	-2.993196	-0.002403
0.226000	-0.079678	0.000000	-17.706317	-2.337807	-0.002221
0.227000	-0.080316	0.000000	-17.848064	-1.972099	-0.002382
0.228000	-0.081120	0.000000	-18.026592	-1.836585	-0.002282
0.229000	-0.082086	0.000000	-18.241347	-1.849669	-0.002423
0.230000	-0.083218	0.000000	-18.492799	-1.905399	-0.002282
0.231000	-0.084366	0.000000	-18.748048	-2.025158	-0.002463
0.232000	-0.085366	0.000000	-18.970208	-2.203241	-0.002362
0.233000	-0.086220	0.000000	-19.159980	-2.423597	-0.002382
0.234000	-0.086859	0.000000	-19.301895	-2.672306	-0.002322
0.235000	-0.087263	0.000000	-19.391743	-2.962407	-0.002262
0.236000	-0.087429	0.000000	-19.428587	-3.243407	-0.002443
0.237000	-0.087296	0.000000	-19.399018	-3.459635	-0.002362
0.238000	-0.086902	0.000000	-19.311535	-3.615532	-0.002362
0.239000	-0.086316	0.000000	-19.181410	-3.697458	-0.002362
0.240000	-0.085696	0.000000	-19.043525	-3.679244	-0.002322
0.241000	-0.085052	0.000000	-18.900416	-3.672772	-0.002403
0.242000	-0.084481	0.000000	-18.773641	-3.694630	-0.002262
0.243000	-0.084158	0.000000	-18.701813	-3.680361	-0.002382
0.244000	-0.083962	0.000000	-18.658132	-3.605239	-0.002342
0.245000	-0.083930	0.000000	-18.651034	-3.528817	-0.002382
0.246000	-0.084086	0.000000	-18.685694	-3.486642	-0.002362
0.247000	-0.084358	0.000000	-18.746295	-3.560806	-0.002382
0.248000	-0.084636	0.000000	-18.807959	-3.692989	-0.002241
0.249000	-0.085040	0.000000	-18.897680	-3.903598	-0.002382
0.250000	-0.085629	0.000000	-19.028653	-4.110754	-0.002282
0.251000	-0.086374	0.000000	-19.194262	-4.290467	-0.002362
0.252000	-0.087068	0.000000	-19.348432	-4.456014	-0.002403
0.253000	-0.087645	0.000000	-19.476658	-4.603229	-0.002262
0.254000	-0.087986	0.000000	-19.552549	-4.748223	-0.002302
0.255000	-0.088100	0.000000	-19.577760	-4.898921	-0.002403
0.256000	-0.088023	0.000000	-19.560639	-5.001773	-0.002423
0.257000	-0.087878	0.000000	-19.528505	-5.000143	-0.002221
0.258000	-0.087641	0.000000	-19.475696	-4.916292	-0.002382
0.259000	-0.087200	0.000000	-19.377840	-4.905279	-0.002362
0.260000	-0.086544	0.000000	-19.232095	-4.622646	-0.002221
0.261000	-0.085756	0.000000	-19.056909	-2.645858	-0.002322
0.262000	-0.084963	0.000000	-18.880666	3.296724	-0.002282
0.263000	-0.084197	0.000000	-18.710451	14.954336	-0.002302
0.264000	-0.083621	0.000000	-18.582435	33.328472	-0.002362
0.265000	-0.083317	0.000000	-18.514804	59.414590	-0.002322
0.266000	-0.083116	0.000000	-18.470329	94.602584	-0.002262
0.267000	-0.083015	0.000000	-18.447698	140.163144	-0.002423
0.268000	-0.083036	0.000000	-18.452493	196.810012	-0.002362
0.269000	-0.083182	0.000000	-18.484875	264.737179	-0.002322
0.270000	-0.083173	0.000000	-18.482878	343.673403	-0.002362
0.271000	-0.082719	0.000000	-18.382082	432.922853	-0.002322
0.272000	-0.081498	0.000000	-18.110620	531.634700	-0.002342
0.273000	-0.079225	0.000000	-17.605551	638.835501	-0.002403
0.274000	-0.075692	0.000000	-16.820510	753.560678	-0.002382
0.275000	-0.070468	0.000000	-15.659459	875.039692	-0.002342
0.276000	-0.063162	22.739626	-14.035919	1002.620431	-0.002382
0.277000	-0.053363	153.608689	-11.858384	1135.667031	-0.002342
0.278000	-0.040982	288.848299	-9.107079	1273.657944	-0.002342
0.279000	-0.025808	427.832194	-5.735194	1416.013725	-0.002403
0.280000	-0.007622	569.870928	-1.693749	1562.093903	-0.002443
0.281000	0.013850	713.986670	3.077693	1710.981088	-0.002382
0.282000	0.038506	859.314015	8.556889	1861.787629	-0.002483
0.283000	0.066185	1004.937980	14.707801	2013.562506	-0.002443
0.284000	0.096797	1149.944570	21.510369	2165.371664	-0.002423
0.285000	0.130068	1293.377005	28.903974	2316.197703	-0.002342
0.286000	0.165674	1434.181805	36.816515	2464.915045	-0.002403
0.287000	0.203277	1571.360227	45.172608	2610.449560	-0.002443
0.288000	0.242414	1703.939706	53.869852	2751.726283	-0.002302
0.289000	0.282756	1831.170520	62.834763	2887.922008	-0.002463
0.290000	0.324030	1952.402904	72.006666	3018.326295	-0.002342
0.291000	0.365872	2066.940789	81.304946	3142.162459	-0.002423
0.292000	0.408022	2174.265447	90.671629	3258.853801	-0.002382
0.293000	0.450107	2273.963623	100.023855	3367.904203	-0.002322
0.294000	0.491752	2365.639312	109.278291	3468.834327	-0.002262
0.295000	0.532731	2448.988007	118.384672	3561.289404	-0.002221
0.296000	0.572673	2523.882588	127.260644	3645.059957	-0.002221
0.297000	0.611312	2590.281748	135.847202	3720.045675	-0.002483
0.298000	0.648631	2648.210845	144.140178	3786.267747	-0.002322
0.299000	0.684385	2697.845557	152.085625	3843.847907	-0.002382
0.300000	0.718391	2739.449423	159.642421	3893.008569	-0.002302
0.301000	0.750425	2773.373407	166.761022	3934.051154	-0.002423
0.302000	0.780297	2799.935690	173.399257	3967.251672	-0.002443
0.303000	0.807855	2819.518982	179.523402	3992.959109	-0.002282
0.304000	0.833242	2832.593408	185.164925	4011.675057	-0.002342
0.305000	0.856712	2839.634601	190.380374	4023.931700	-0.002423
0.306000	0.878164	2841.205519	195.147504	4030.269748	-0.002161
0.307000	0.897440	2837.888753	199.431175	4031.236653	-0.002443
0.308000	0.914644	2830.180970	203.254171	4027.351866	-0.002382
0.309000	0.930119	2818.558834	206.693041	4019.168599	-0.002342
0.310000	0.944010	2803.553134	209.779940	4007.249799	-0.002382
0.311000	0.956344	2785.597325	212.520860	3992.034910	-0.002302
0.312000	0.967024	2765.083352	214.894253	3973.894330	-0.002362
0.313000	0.976449	2742.314138	216.988742	3953.219604	-0.002423
0.314000	0.984865	2717.566510	218.858995	3930.342230	-0.002322
0.315000	0.992504	2691.072230	220.556477	3905.545432	-0.002382
0.316000	0.999631	2662.992061	222.140296	3879.049081	-0.002342
0.317000	1.006299	2633.575641	223.622013	3851.114378	-0.002403
0.318000	1.012203	2603.086470	224.934105	3821.937300	-0.002362
0.319000	1.016915	2571.747988	225.981145	3791.645858	-0.002201
0.320000	1.020175	2539.703156	226.705605	3760.325486	-0.002362
0.321000	1.022075	2507.071463	227.127711	3728.115898	-0.002403
0.322000	1.022745	2474.045247	227.276660	3695.238632	-0.002382
0.323000	1.022169	2440.833955	227.148775	3661.899455	-0.002423
0.324000	1.020483	2407.631006	226.774067	3628.321798	-0.002302
0.325000	1.017582	2374.652833	226.129314	3594.698873	-0.002262
0.326000	1.013554	2341.936063	225.234218	3561.087005	-0.002382
0.327000	1.008430	2309.666673	224.095575	3527.678973	-0.002423
0.328000	1.002443	2277.967674	222.765051	3494.649449	-0.002382
0.329000	0.996090	2246.901414	221.353334	3462.171473	-0.002423
0.330000	0.989777	2216.531322	219.950528	3430.398575	-0.002403
0.331000	0.983506	2186.887804	218.556893	3399.361421	-0.002342
0.332000	0.977091	2157.994314	217.131437	3369.042475	-0.002382
0.333000	0.970190	2129.934683	215.597826	3339.449234	-0.002362
0.334000	0.962745	2102.881982	213.943382	3310.742089	-0.002362
0.335000	0.954686	2076.912914	212.152444	3282.982083	-0.002403
0.336000	0.945727	2052.136375	210.161657	3256.214757	-0.002322
0.337000	0.935984	2028.675944	207.996414	3230.589083	-0.002302
0.338000	0.925795	2006.630586	205.732200	3206.279511	-0.002382
0.339000	0.915145	1986.204748	203.365661	3183.487134	-0.002262
0.340000	0.904107	1967.547935	200.912743	3162.377402	-0.002221
0.341000	0.892993	1950.575974	198.442893	3142.935592	-0.002262
0.342000	0.881903	1935.286876	195.978481	3125.182082	-0.002302
0.343000	0.870929	1921.633006	193.539768	3109.089499	-0.002443
0.344000	0.860032	1909.619398	191.118218	3094.654341	-0.002463
0.345000	0.849109	1899.305430	188.690910	3081.913065	-0.002362
0.346000	0.838156	1890.732187	186.256799	3070.905710	-0.002322
0.347000	0.827082	1883.986320	183.796017	3061.699061	-0.002322
0.348000	0.815846	1879.067991	181.299186	3054.283902	-0.002322
0.349000	0.804431	1876.064308	178.762542	3048.743574	-0.002282
0.350000	0.792906	1874.983433	176.201370	3045.101528	-0.002382
0.351000	0.781259	1875.783096	173.613133	3043.312954	-0.002463
0.352000	0.769573	1878.419247	171.016312	3043.352284	-0.002302
0.353000	0.758089	1882.857584	168.464330	3045.238639	-0.002403
0.354000	0.746861	1889.039709	165.969120	3048.925553	-0.002403
0.355000	0.735979	1896.913063	163.550944	3054.380731	-0.002362
0.356000	0.725470	1906.435671	161.215503	3061.567898	-0.002362
0.357000	0.715404	1917.620302	158.978561	3070.515588	-0.002282
0.358000	0.705843	1930.389845	156.854061	3081.160631	-0.002423
0.359000	0.696754	1944.682296	154.834241	3093.433261	-0.002403
0.360000	0.688294	1960.370536	152.954151	3107.241412	-0.002282
0.361000	0.680416	1977.339258	151.203587	3122.459569	-0.002322
0.362000	0.673033	1995.494612	149.562899	3138.974236	-0.002382
0.363000	0.666055	2014.784161	148.012130	3156.713016	-0.002342
0.364000	0.659457	2035.169184	146.545895	3175.631804	-0.002362
0.365000	0.653100	2056.626436	145.133349	3195.676510	-0.002403
0.366000	0.646962	2079.091755	143.769310	3216.777790	-0.002302
0.367000	0.641068	2102.552147	142.459600	3238.928472	-0.002241
0.368000	0.635359	2126.980739	141.190830	3262.088293	-0.002403
0.369000	0.629832	2152.388113	139.962618	3286.267456	-0.002302
0.370000	0.624509	2178.843630	138.779674	3311.540029	-0.002403
0.371000	0.619449	2206.233589	137.655302	3337.805616	-0.002302
0.372000	0.614723	2234.525331	136.605129	3365.047185	-0.002241
0.373000	0.610411	2263.645716	135.646839	3393.209279	-0.002262
0.374000	0.606463	2293.566881	134.769464	3422.253069	-0.002362
0.375000	0.602807	2324.235997	133.957121	3452.109842	-0.002282
0.376000	0.599552	2355.591738	133.233771	3482.742233	-0.002403
0.377000	0.596746	2387.471167	132.610270	3513.998162	-0.002342
0.378000	0.594301	2419.771079	132.066918	3545.754722	-0.002382
0.379000	0.592183	2452.524054	131.596288	3578.037067	-0.002241
0.380000	0.590333	2485.806303	131.185206	3610.908233	-0.002382
0.381000	0.588757	2519.592898	130.834799	3644.344421	-0.002382
0.382000	0.587272	2553.837982	130.504788	3678.259495	-0.002302
0.383000	0.585394	2588.649583	130.087467	3712.653775	-0.002322
0.384000	0.582996	2624.076473	129.554621	3747.547819	-0.002342
0.385000	0.580264	2660.066797	128.947558	3782.931080	-0.002362
0.386000	0.577537	2696.630662	128.341489	3818.888876	-0.002282
0.387000	0.575096	2733.828029	127.799136	3855.543890	-0.002302
0.388000	0.572938	2771.775067	127.319562	3893.011355	-0.002282
0.389000	0.571181	2810.546049	126.929158	3931.391932	-0.002262
0.390000	0.569943	2850.272583	126.653982	3970.843290	-0.002282
0.391000	0.569440	2890.981364	126.542246	4011.440334	-0.002362
0.392000	0.569826	2932.712121	126.628044	4053.256890	-0.002241
0.393000	0.571033	2975.517217	126.896330	4096.330271	-0.002322
0.394000	0.573318	3019.324575	127.403983	4140.645283	-0.002382
0.395000	0.576785	3064.006362	128.174546	4186.097632	-0.002302
0.396000	0.581516	3109.352602	129.225886	4232.495213	-0.002362
0.397000	0.587425	3155.123517	130.538839	4279.579081	-0.002302
0.398000	0.594559	3201.089332	132.124167	4327.130224	-0.002423
0.399000	0.602998	3246.897825	133.999528	4374.814078	-0.002322
0.400000	0.612822	3292.199071	136.182603	4422.298399	-0.002241
0.401000	0.624003	3336.536554	138.667254	4469.120533	-0.002403
0.402000	0.636366	3379.550316	141.414565	4514.881605	-0.002342
0.403000	0.649673	3420.849534	144.371810	4559.138069	-0.002201
0.404000	0.663653	3460.185210	147.478460	4601.580395	-0.002282
0.405000	0.677867	3497.288529	150.637139	4641.842393	-0.002282
0.406000	0.691951	3532.008430	153.766862	4679.692017	-0.002342
0.407000	0.705820	3564.159287	156.848836	4714.924849	-0.002423
0.408000	0.719431	3593.573900	159.873505	4747.364129	-0.002302
0.409000	0.732835	3620.174714	162.852303	4776.943742	-0.002322
0.410000	0.746033	3644.001067	165.785015	4803.702808	-0.002322
0.411000	0.759213	3664.917335	168.713994	4827.548054	-0.002302
0.412000	0.772275	3682.946105	171.616665	4848.479495	-0.002282
0.413000	0.785055	3698.088454	174.456651	4866.461830	-0.002282
0.414000	0.797374	3710.361109	177.194174	4881.472007	-0.002382
0.415000	0.809125	3719.882717	179.805628	4893.605070	-0.002302
0.416000	0.820266	3726.749046	182.281383	4902.947153	-0.002342
0.417000	0.830674	3731.053296	184.594266	4909.564288	-0.002302
0.418000	0.840229	3732.985086	186.717462	4913.619273	-0.002302
0.419000	0.848669	3732.840996	188.593209	4915.350930	-0.002342
0.420000	0.855971	3730.766182	190.215878	4914.898786	-0.002382
0.421000	0.862293	3726.890417	191.620577	4912.427719	-0.002262
0.422000	0.867715	3721.381676	192.825561	4908.123962	-0.002262
0.423000	0.872442	3714.503633	193.875966	4902.296325	-0.002342
0.424000	0.876689	3706.463446	194.819720	4895.199891	-0.002382
0.425000	0.880538	3697.393430	195.675034	4886.985189	-0.002262
0.426000	0.883788	3687.401973	196.397270	4877.715968	-0.002282
0.427000	0.886507	3676.611966	197.001464	4867.530155	-0.002302
0.428000	0.888748	3665.173825	197.499610	4856.590160	-0.002282
0.429000	0.890536	3653.223014	197.896856	4845.036595	-0.002241
0.430000	0.892016	3640.823567	198.225755	4832.966047	-0.002201
0.431000	0.893461	3627.972877	198.546849	4820.436451	-0.002322
0.432000	0.894924	3614.875568	198.872104	4807.664397	-0.002382
0.433000	0.896175	3601.576947	199.150105	4794.643777	-0.002362
0.434000	0.897141	3588.032049	199.364678	4781.313452	-0.002262
0.435000	0.897774	3574.273242	199.505267	4767.695234	-0.002423
0.436000	0.898167	3560.364870	199.592635	4753.874230	-0.002241
0.437000	0.898261	3546.316214	199.613458	4739.846397	-0.002403
0.438000	0.898070	3532.167525	199.571134	4725.655383	-0.002262
0.439000	0.897657	3518.069834	199.479359	4711.465918	-0.002362
0.440000	0.896934	3504.091714	199.318686	4697.327124	-0.002443
0.441000	0.895772	3490.237480	199.060503	4683.214708	-0.002362
0.442000	0.894122	3476.583377	198.693809	4669.193911	-0.002322
0.443000	0.891737	3463.186204	198.163692	4655.266621	-0.002282
0.444000	0.888654	3450.119139	197.478570	4641.514433	-0.002241
0.445000	0.884763	3437.621135	196.613899	4628.151759	-0.002342
0.446000	0.880209	3425.630152	195.601996	4615.148873	-0.002362
0.447000	0.875061	3414.216846	194.457894	4602.591465	-0.002322
0.448000	0.869494	3403.498348	193.220860	4590.635932	-0.002342
0.449000	0.863686	3393.545257	191.930256	4579.392238	-0.002262
0.450000	0.857887	3384.379996	190.641600	4568.938321	-0.002282
0.451000	0.852221	3376.065529	189.382425	4559.364679	-0.002463
0.452000	0.846580	3368.571608	188.128802	4550.617134	-0.002201
0.453000	0.840940	3361.874751	186.875533	4542.667009	-0.002322
0.454000	0.835429	3355.923299	185.650784	4535.490808	-0.002262
0.455000	0.830246	3350.696156	184.499178	4529.112059	-0.002403
0.456000	0.825434	3346.179779	183.429750	4523.526254	-0.002322
0.457000	0.821091	3342.321115	182.464593	4518.702433	-0.002362
0.458000	0.817359	3339.064016	181.635274	4514.616015	-0.002262
0.459000	0.814241	3336.334257	180.942411	4511.193393	-0.002302
0.460000	0.811719	3334.131595	180.381956	4508.430276	-0.002262
0.461000	0.809741	3332.350044	179.942433	4506.209202	-0.002302
0.462000	0.808223	3330.871535	179.605047	4504.393307	-0.002302
0.463000	0.807018	3329.625085	179.337337	4502.879146	-0.002342
0.464000	0.806042	3328.633118	179.120339	4501.670182	-0.002241
0.465000	0.805191	3327.881086	178.931257	4500.729068	-0.002342
0.466000	0.804273	3327.372918	178.727319	4500.016962	-0.002403
0.467000	0.803167	3327.097378	178.481620	4499.495723	-0.002382
0.468000	0.802063	3326.995148	178.236293	4499.148166	-0.002362
0.469000	0.800998	3327.067323	177.999485	4498.983533	-0.002342
0.470000	0.800056	3327.335021	177.790331	4499.042076	-0.002362
0.471000	0.799233	3327.776223	177.607364	4499.300312	-0.002241
0.472000	0.798525	3328.345403	177.450050	4499.712178	-0.002322
0.473000	0.797950	3328.944147	177.322172	4500.183044	-0.002362
0.474000	0.797521	3329.566867	177.226943	4500.710534	-0.002342
0.475000	0.797334	3330.135738	177.185252	4501.237714	-0.002342
0.476000	0.797670	3330.611218	177.259928	4501.787871	-0.002362
0.477000	0.798800	3330.919297	177.511211	4502.347232	-0.002302
0.478000	0.800512	3331.038661	177.891487	4502.846874	-0.002362
0.479000	0.802562	3330.971687	178.347217	4503.235629	-0.002382
0.480000	0.804978	3330.581392	178.884076	4503.382193	-0.002322
0.481000	0.807920	3329.792254	179.537690	4503.246669	-0.002322
0.482000	0.811434	3328.542152	180.318575	4502.777452	-0.002262
0.483000	0.815365	3326.774525	181.192313	4501.883563	-0.002382
0.484000	0.819563	3324.433402	182.125037	4500.475163	-0.002342
0.485000	0.823728	3321.506148	183.050636	4498.473508	-0.002302
0.486000	0.827628	3318.117579	183.917431	4495.951735	-0.002382
0.487000	0.831248	3314.254367	184.721769	4492.892861	-0.002342
0.488000	0.834906	3309.714875	185.534587	4489.166186	-0.002241
0.489000	0.838628	3304.602243	186.361802	4484.880770	-0.002302
0.490000	0.842230	3298.965155	187.162170	4480.044050	-0.002221
0.491000	0.845666	3292.793033	187.925795	4474.635553	-0.002443
0.492000	0.848858	3286.154692	188.635024	4468.706440	-0.002362
0.493000	0.851633	3279.110446	189.251769	4462.278940	-0.002342
0.494000	0.854089	3271.655202	189.797632	4455.369559	-0.002362
0.495000	0.856214	3263.790118	190.269795	4447.976638	-0.002201
0.496000	0.858047	3255.567204	190.677061	4440.160990	-0.002362
0.497000	0.859528	3247.054289	191.006174	4431.977188	-0.002342
0.498000	0.860677	3238.323289	191.261651	4423.501665	-0.002241
0.499000	0.861477	3229.402274	191.439353	4414.758352	-0.002282
0.500000	0.861793	3220.420184	191.509535	4405.846444	-0.002201
0.501000	0.861650	3211.402270	191.477867	4396.796861	-0.002403
0.502000	0.861178	3202.345937	191.372963	4387.635625	-0.002302
0.503000	0.860561	3193.256630	191.235795	4378.409151	-0.002282
0.504000	0.859885	3184.119929	191.085481	4369.122135	-0.002282
0.505000	0.859273	3174.930350	190.949572	4359.796646	-0.002403
0.506000	0.858510	3165.790514	190.779958	4350.487197	-0.002241
0.507000	0.857464	3156.871186	190.547581	4341.335493	-0.002382
0.508000	0.855891	3148.199256	190.198094	4332.314075	-0.002221
0.509000	0.853785	3139.780727	189.730069	4323.427521	-0.002302
0.510000	0.851456	3131.668916	189.212536	4314.798177	-0.002322
0.511000	0.849135	3123.880572	188.696615	4306.493912	-0.002403
0.512000	0.846806	3116.376000	188.179006	4298.471732	-0.002262
0.513000	0.844588	3109.026565	187.686190	4290.629480	-0.002342
0.514000	0.842634	3101.745879	187.251993	4282.914597	-0.002443
0.515000	0.841035	3094.607681	186.896709	4275.421115	-0.002382
0.516000	0.839717	3087.664114	186.603698	4268.184536	-0.002382
0.517000	0.838636	3080.929039	186.363614	4261.209379	-0.002322
0.518000	0.837855	3074.396999	186.190108	4254.503832	-0.002282
0.519000	0.837318	3068.036798	186.070589	4248.024112	-0.002322
0.520000	0.836920	3061.831728	185.982158	4241.730611	-0.002221
0.521000	0.836754	3055.699576	185.945379	4235.561680	-0.002362
0.522000	0.836759	3049.623792	185.946539	4229.487056	-0.002483
0.523000	0.836705	3043.628715	185.934490	4223.479930	-0.002403
0.524000	0.836461	3037.717038	185.880190	4217.513952	-0.002362
0.525000	0.835920	3031.852225	185.759934	4211.528884	-0.002282
0.526000	0.835223	3026.028202	185.605052	4205.549979	-0.002282
0.527000	0.834378	3020.326190	185.417307	4199.660222	-0.002342
0.528000	0.833276	3014.829856	185.172438	4193.919019	-0.002302
0.529000	0.832022	3009.594005	184.893705	4188.404434	-0.002362
0.530000	0.830743	3004.652419	184.609451	4183.178595	-0.002302
0.531000	0.829491	2999.903026	184.331276	4178.151026	-0.002262
0.532000	0.828326	2995.313406	184.072508	4173.302638	-0.002322
0.533000	0.827101	2990.901237	183.800195	4168.618157	-0.002322
0.534000	0.825847	2986.660284	183.521596	4164.098604	-0.002342
0.535000	0.824801	2982.519480	183.289076	4159.725281	-0.002322
0.536000	0.823823	2978.515716	183.071795	4155.504236	-0.002342
0.537000	0.822967	2974.647834	182.881527	4151.446087	-0.002201
0.538000	0.822396	2970.901525	182.754722	4147.572971	-0.002302
0.539000	0.822015	2967.292798	182.670030	4143.879553	-0.002342
0.540000	0.821681	2963.841805	182.595879	4140.354409	-0.002342
0.541000	0.821364	2960.473257	182.525420	4136.915402	-0.002342
0.542000	0.821076	2957.102495	182.461272	4133.480492	-0.002342
0.543000	0.820775	2953.739734	182.394546	4130.051004	-0.002322
0.544000	0.820281	2950.347744	182.284746	4126.549214	-0.002302
0.545000	0.819462	2947.023659	182.102651	4123.043035	-0.002443
0.546000	0.818329	2943.819999	181.850808	4119.587533	-0.002443
0.547000	0.816907	2940.807821	181.534981	4116.259527	-0.002161
0.548000	0.815274	2938.079528	181.172014	4113.168267	-0.002423
0.549000	0.813503	2935.697701	180.778439	4110.392864	-0.002262
0.550000	0.811639	2933.690749	180.364120	4107.971593	-0.002201
0.551000	0.809628	2932.037886	179.917358	4105.871968	-0.002262
0.552000	0.807404	2930.757517	179.423210	4104.097452	-0.002382
0.553000	0.805091	2929.802664	178.909033	4102.628422	-0.002201
0.554000	0.802807	2929.108145	178.401499	4101.426368	-0.002382
0.555000	0.800497	2928.623752	177.888315	4100.428792	-0.002322
0.556000	0.798328	2928.375818	177.406212	4099.698755	-0.002342
0.557000	0.796389	2928.414770	176.975357	4099.306851	-0.002382
0.558000	0.794633	2928.756723	176.585134	4099.258581	-0.002403
0.559000	0.792910	2929.419303	176.202209	4099.538237	-0.002382
0.560000	0.791208	2930.507416	175.823982	4100.248122	-0.002322
0.561000	0.789624	2931.951879	175.471983	4101.340587	-0.002282
0.562000	0.788114	2933.700068	175.136353	4102.753146	-0.002221
0.563000	0.786361	2935.772930	174.746908	4104.436563	-0.002241
0.564000	0.784392	2938.102904	174.309349	4106.328977	-0.002403
0.565000	0.782205	2940.682315	173.823329	4108.422368	-0.002382
0.566000	0.779872	2943.512413	173.304991	4110.734129	-0.002382
0.567000	0.777403	2946.696126	172.756142	4113.368993	-0.002443
0.568000	0.774729	2950.252657	172.161932	4116.331314	-0.002302
0.569000	0.771896	2954.210120	171.532382	4119.659227	-0.002302
0.570000	0.768965	2958.587106	170.881138	4123.384969	-0.002362
0.571000	0.766083	2963.414075	170.240709	4127.571509	-0.002322
0.572000	0.763274	2968.751810	169.616448	4132.284982	-0.002403
0.573000	0.760289	2974.592561	168.953170	4137.462456	-0.002282
0.574000	0.756981	2980.947237	168.218054	4143.082015	-0.002382
0.575000	0.753519	2987.785129	167.448596	4149.150450	-0.002282
0.576000	0.750248	2995.056547	166.721752	4155.695024	-0.002282
0.577000	0.747381	3002.757521	166.084613	4162.758858	-0.002302
0.578000	0.745054	3010.850942	165.567612	4170.335279	-0.002342
0.579000	0.743414	3019.219379	165.203137	4178.339241	-0.002241
0.580000	0.742525	3027.840353	165.005559	4186.762637	-0.002362
0.581000	0.742498	3036.526669	164.999536	4195.442931	-0.002463
0.582000	0.743244	3045.199981	165.165225	4204.281930	-0.002423
0.583000	0.744613	3053.756812	165.469570	4213.143106	-0.002262
0.584000	0.746464	3062.161216	165.880957	4221.958897	-0.002241
0.585000	0.748489	3070.463456	166.330990	4230.711171	-0.002221
0.586000	0.750579	3078.609113	166.795264	4239.321101	-0.002221
0.587000	0.752696	3086.528300	167.265733	4247.710758	-0.002302
0.588000	0.754714	3094.166631	167.714241	4255.797597	-0.002342
0.589000	0.756586	3101.502858	168.130146	4263.549729	-0.002342
0.590000	0.758573	3108.460440	168.571791	4270.948956	-0.002302
0.591000	0.760761	3115.055714	169.058020	4278.030459	-0.002262
0.592000	0.763179	3121.313082	169.595420	4284.825227	-0.002221
0.593000	0.765763	3127.247611	170.169621	4291.333957	-0.002382
0.594000	0.768459	3132.832938	170.768631	4297.518293	-0.002302
0.595000	0.771314	3138.037086	171.403030	4303.356841	-0.002282
0.596000	0.774222	3142.864209	172.049312	4308.830246	-0.002262
0.597000	0.777048	3147.342936	172.677404	4313.937065	-0.002382
0.598000	0.779815	3151.442333	173.292222	4318.651280	-0.002342
0.599000	0.782500	3155.073068	173.888979	4322.878773	-0.002181
0.600000	0.785158	3158.249553	174.479504	4326.645781	-0.002241
0.601000	0.787881	3161.000547	175.084772	4330.002044	-0.002302
0.602000	0.790460	3163.385770	175.657846	4332.960341	-0.002322
0.603000	0.792783	3165.424236	176.173973	4335.514934	-0.002342
0.604000	0.794727	3167.132117	176.606022	4337.654864	-0.002382
0.605000	0.796315	3168.524814	176.958791	4339.400329	-0.002342
0.606000	0.797508	3169.671597	177.223935	4340.812256	-0.002241
0.607000	0.798313	3170.617018	177.402868	4341.936611	-0.002463
0.608000	0.798811	3171.458060	177.513591	4342.888376	-0.002282
0.609000	0.799015	3172.342081	177.558909	4343.817714	-0.002282
0.610000	0.799003	3173.251412	177.556187	4344.724324	-0.002282
0.611000	0.798761	3174.195389	177.502464	4345.614578	-0.002382
0.612000	0.798528	3175.161730	177.450557	4346.529012	-0.002382
0.613000	0.798345	3176.134348	177.409906	4347.460979	-0.002302
0.614000	0.798143	3177.052705	177.365155	4348.334585	-0.002443
0.615000	0.798073	3177.922174	177.349559	4349.188458	-0.002322
0.616000	0.798155	3178.770103	177.367711	4350.054539	-0.002201
0.617000	0.798280	3179.573051	177.395600	4350.885375	-0.002362
0.618000	0.798399	3180.298351	177.421984	4351.637060	-0.002342
0.619000	0.798549	3180.996435	177.455302	4352.368462	-0.002382
0.620000	0.798713	3181.653176	177.491872	4353.061772	-0.002403
0.621000	0.798959	3182.312138	177.546541	4353.775404	-0.002322
0.622000	0.799195	3182.951001	177.598883	4354.466608	-0.002362
0.623000	0.799390	3183.486492	177.642255	4355.045472	-0.002241
0.624000	0.799321	3183.992852	177.626977	4355.536554	-0.002262
0.625000	0.798977	3184.494222	177.550450	4355.961397	-0.002302
0.626000	0.798381	3184.987852	177.418081	4356.322658	-0.002342
0.627000	0.797495	3185.539217	177.221147	4356.677089	-0.002282
0.628000	0.796430	3186.282807	176.984458	4357.183990	-0.002382
0.629000	0.795288	3187.236868	176.730629	4357.884222	-0.002302
0.630000	0.794240	3188.418000	176.497745	4358.832470	-0.002221
0.631000	0.793400	3189.807767	176.311155	4360.035647	-0.002282
0.632000	0.792704	3191.322456	176.156540	4361.395721	-0.002302
0.633000	0.792103	3192.934305	176.022967	4362.873997	-0.002262
0.634000	0.791829	3194.498622	175.961962	4364.377309	-0.002302
0.635000	0.791953	3196.019818	175.989597	4365.926141	-0.002302
0.636000	0.792315	3197.493549	176.069890	4367.480164	-0.002362
0.637000	0.792995	3198.829975	176.221093	4368.967794	-0.002262
0.638000	0.793878	3200.125370	176.417377	4370.459472	-0.002262
0.639000	0.794864	3201.385190	176.636448	4371.938363	-0.002302
0.640000	0.795950	3202.549142	176.877758	4373.343625	-0.002342
0.641000	0.797075	3203.621726	177.127836	4374.666286	-0.002403
0.642000	0.798203	3204.558120	177.378357	4375.853201	-0.002241
0.643000	0.799169	3205.335377	177.593218	4376.845320	-0.002503
0.644000	0.799908	3205.955173	177.757359	4377.629257	-0.002282
0.645000	0.800350	3206.451137	177.855632	4378.223494	-0.002302
0.646000	0.800603	3206.815400	177.911692	4378.643817	-0.002322
0.647000	0.800682	3207.048548	177.929225	4378.894497	-0.002282
0.648000	0.800503	3207.257982	177.889485	4379.064192	-0.002382
0.649000	0.800116	3207.465706	177.803651	4379.186082	-0.002443
0.650000	0.799611	3207.705139	177.691355	4379.313219	-0.002362
0.651000	0.799078	3208.006280	177.572786	4379.495791	-0.002342
0.652000	0.798539	3208.471276	177.453083	4379.841084	-0.002262
0.653000	0.797968	3208.989081	177.326261	4380.232067	-0.002282
0.654000	0.797317	3209.499759	177.181613	4380.598097	-0.002302
0.655000	0.796752	3210.055778	177.056012	4381.028515	-0.002302
0.656000	0.796449	3210.601375	176.988737	4381.506836	-0.002241
0.657000	0.796567	3211.145384	177.014940	4382.077049	-0.002282
0.658000	0.796996	3211.732173	177.110196	4382.759094	-0.002302
0.659000	0.797643	3212.265021	177.254102	4383.435848	-0.002262
0.660000	0.798649	3212.715455	177.477486	4384.109666	-0.002302
0.661000	0.800008	3213.072757	177.779608	4384.769090	-0.002423
0.662000	0.801432	3213.304280	178.096038	4385.317043	-0.002302
0.663000	0.802736	3213.396422	178.385867	4385.699013	-0.002262
0.664000	0.803788	3213.369351	178.619523	4385.905598	-0.002463
0.665000	0.804435	3213.257372	178.763405	4385.937502	-0.002262
0.666000	0.804516	3213.138346	178.781307	4385.836377	-0.002362
0.667000	0.804069	3212.976335	178.681941	4385.575001	-0.002282
0.668000	0.803194	3212.840032	178.487488	4385.244245	-0.002483
0.669000	0.801839	3212.916283	178.186378	4385.019385	-0.002322
0.670000	0.800204	3213.210934	177.823075	4384.950734	-0.002342
0.671000	0.798462	3213.672518	177.436074	4385.025316	-0.002282
0.672000	0.796720	3214.379784	177.048795	4385.345304	-0.002322
0.673000	0.795155	3215.295555	176.701110	4385.913389	-0.002241
0.674000	0.793721	3216.422920	176.382538	4386.722183	-0.002282
0.675000	0.792297	3217.829056	176.065915	4387.811696	-0.002342
0.676000	0.790971	3219.432196	175.771352	4389.120273	-0.002322
0.677000	0.789866	3221.133887	175.525671	4390.576282	-0.002342
0.678000	0.788874	3222.929031	175.305286	4392.151041	-0.002282
0.679000	0.788061	3224.782986	175.124677	4393.824388	-0.002382
0.680000	0.787546	3226.691516	175.010198	4395.618439	-0.002262
